{
 "cells": [
  {
   "cell_type": "code",
   "execution_count": 35,
   "id": "02b06291",
   "metadata": {},
   "outputs": [],
   "source": [
    "import pandas as pd\n",
    "import numpy as np\n",
    "pd.options.mode.chained_assignment = None"
   ]
  },
  {
   "cell_type": "code",
   "execution_count": 36,
   "id": "9fc019d5",
   "metadata": {},
   "outputs": [],
   "source": [
    "df = pd.read_csv('sphist.csv')"
   ]
  },
  {
   "cell_type": "code",
   "execution_count": 37,
   "id": "4f849fa0",
   "metadata": {},
   "outputs": [
    {
     "data": {
      "text/html": [
       "<div>\n",
       "<style scoped>\n",
       "    .dataframe tbody tr th:only-of-type {\n",
       "        vertical-align: middle;\n",
       "    }\n",
       "\n",
       "    .dataframe tbody tr th {\n",
       "        vertical-align: top;\n",
       "    }\n",
       "\n",
       "    .dataframe thead th {\n",
       "        text-align: right;\n",
       "    }\n",
       "</style>\n",
       "<table border=\"1\" class=\"dataframe\">\n",
       "  <thead>\n",
       "    <tr style=\"text-align: right;\">\n",
       "      <th></th>\n",
       "      <th>Date</th>\n",
       "      <th>Open</th>\n",
       "      <th>High</th>\n",
       "      <th>Low</th>\n",
       "      <th>Close</th>\n",
       "      <th>Volume</th>\n",
       "      <th>Adj Close</th>\n",
       "    </tr>\n",
       "  </thead>\n",
       "  <tbody>\n",
       "    <tr>\n",
       "      <th>0</th>\n",
       "      <td>2015-12-07</td>\n",
       "      <td>2090.419922</td>\n",
       "      <td>2090.419922</td>\n",
       "      <td>2066.780029</td>\n",
       "      <td>2077.070068</td>\n",
       "      <td>4.043820e+09</td>\n",
       "      <td>2077.070068</td>\n",
       "    </tr>\n",
       "    <tr>\n",
       "      <th>1</th>\n",
       "      <td>2015-12-04</td>\n",
       "      <td>2051.239990</td>\n",
       "      <td>2093.840088</td>\n",
       "      <td>2051.239990</td>\n",
       "      <td>2091.689941</td>\n",
       "      <td>4.214910e+09</td>\n",
       "      <td>2091.689941</td>\n",
       "    </tr>\n",
       "    <tr>\n",
       "      <th>2</th>\n",
       "      <td>2015-12-03</td>\n",
       "      <td>2080.709961</td>\n",
       "      <td>2085.000000</td>\n",
       "      <td>2042.349976</td>\n",
       "      <td>2049.620117</td>\n",
       "      <td>4.306490e+09</td>\n",
       "      <td>2049.620117</td>\n",
       "    </tr>\n",
       "    <tr>\n",
       "      <th>3</th>\n",
       "      <td>2015-12-02</td>\n",
       "      <td>2101.709961</td>\n",
       "      <td>2104.270020</td>\n",
       "      <td>2077.110107</td>\n",
       "      <td>2079.510010</td>\n",
       "      <td>3.950640e+09</td>\n",
       "      <td>2079.510010</td>\n",
       "    </tr>\n",
       "    <tr>\n",
       "      <th>4</th>\n",
       "      <td>2015-12-01</td>\n",
       "      <td>2082.929932</td>\n",
       "      <td>2103.370117</td>\n",
       "      <td>2082.929932</td>\n",
       "      <td>2102.629883</td>\n",
       "      <td>3.712120e+09</td>\n",
       "      <td>2102.629883</td>\n",
       "    </tr>\n",
       "    <tr>\n",
       "      <th>...</th>\n",
       "      <td>...</td>\n",
       "      <td>...</td>\n",
       "      <td>...</td>\n",
       "      <td>...</td>\n",
       "      <td>...</td>\n",
       "      <td>...</td>\n",
       "      <td>...</td>\n",
       "    </tr>\n",
       "    <tr>\n",
       "      <th>16585</th>\n",
       "      <td>1950-01-09</td>\n",
       "      <td>17.080000</td>\n",
       "      <td>17.080000</td>\n",
       "      <td>17.080000</td>\n",
       "      <td>17.080000</td>\n",
       "      <td>2.520000e+06</td>\n",
       "      <td>17.080000</td>\n",
       "    </tr>\n",
       "    <tr>\n",
       "      <th>16586</th>\n",
       "      <td>1950-01-06</td>\n",
       "      <td>16.980000</td>\n",
       "      <td>16.980000</td>\n",
       "      <td>16.980000</td>\n",
       "      <td>16.980000</td>\n",
       "      <td>2.010000e+06</td>\n",
       "      <td>16.980000</td>\n",
       "    </tr>\n",
       "    <tr>\n",
       "      <th>16587</th>\n",
       "      <td>1950-01-05</td>\n",
       "      <td>16.930000</td>\n",
       "      <td>16.930000</td>\n",
       "      <td>16.930000</td>\n",
       "      <td>16.930000</td>\n",
       "      <td>2.550000e+06</td>\n",
       "      <td>16.930000</td>\n",
       "    </tr>\n",
       "    <tr>\n",
       "      <th>16588</th>\n",
       "      <td>1950-01-04</td>\n",
       "      <td>16.850000</td>\n",
       "      <td>16.850000</td>\n",
       "      <td>16.850000</td>\n",
       "      <td>16.850000</td>\n",
       "      <td>1.890000e+06</td>\n",
       "      <td>16.850000</td>\n",
       "    </tr>\n",
       "    <tr>\n",
       "      <th>16589</th>\n",
       "      <td>1950-01-03</td>\n",
       "      <td>16.660000</td>\n",
       "      <td>16.660000</td>\n",
       "      <td>16.660000</td>\n",
       "      <td>16.660000</td>\n",
       "      <td>1.260000e+06</td>\n",
       "      <td>16.660000</td>\n",
       "    </tr>\n",
       "  </tbody>\n",
       "</table>\n",
       "<p>16590 rows × 7 columns</p>\n",
       "</div>"
      ],
      "text/plain": [
       "             Date         Open         High          Low        Close  \\\n",
       "0      2015-12-07  2090.419922  2090.419922  2066.780029  2077.070068   \n",
       "1      2015-12-04  2051.239990  2093.840088  2051.239990  2091.689941   \n",
       "2      2015-12-03  2080.709961  2085.000000  2042.349976  2049.620117   \n",
       "3      2015-12-02  2101.709961  2104.270020  2077.110107  2079.510010   \n",
       "4      2015-12-01  2082.929932  2103.370117  2082.929932  2102.629883   \n",
       "...           ...          ...          ...          ...          ...   \n",
       "16585  1950-01-09    17.080000    17.080000    17.080000    17.080000   \n",
       "16586  1950-01-06    16.980000    16.980000    16.980000    16.980000   \n",
       "16587  1950-01-05    16.930000    16.930000    16.930000    16.930000   \n",
       "16588  1950-01-04    16.850000    16.850000    16.850000    16.850000   \n",
       "16589  1950-01-03    16.660000    16.660000    16.660000    16.660000   \n",
       "\n",
       "             Volume    Adj Close  \n",
       "0      4.043820e+09  2077.070068  \n",
       "1      4.214910e+09  2091.689941  \n",
       "2      4.306490e+09  2049.620117  \n",
       "3      3.950640e+09  2079.510010  \n",
       "4      3.712120e+09  2102.629883  \n",
       "...             ...          ...  \n",
       "16585  2.520000e+06    17.080000  \n",
       "16586  2.010000e+06    16.980000  \n",
       "16587  2.550000e+06    16.930000  \n",
       "16588  1.890000e+06    16.850000  \n",
       "16589  1.260000e+06    16.660000  \n",
       "\n",
       "[16590 rows x 7 columns]"
      ]
     },
     "execution_count": 37,
     "metadata": {},
     "output_type": "execute_result"
    }
   ],
   "source": [
    "df"
   ]
  },
  {
   "cell_type": "code",
   "execution_count": 38,
   "id": "16f9ee8d",
   "metadata": {},
   "outputs": [
    {
     "name": "stdout",
     "output_type": "stream",
     "text": [
      "<class 'pandas.core.frame.DataFrame'>\n",
      "RangeIndex: 16590 entries, 0 to 16589\n",
      "Data columns (total 7 columns):\n",
      " #   Column     Non-Null Count  Dtype  \n",
      "---  ------     --------------  -----  \n",
      " 0   Date       16590 non-null  object \n",
      " 1   Open       16590 non-null  float64\n",
      " 2   High       16590 non-null  float64\n",
      " 3   Low        16590 non-null  float64\n",
      " 4   Close      16590 non-null  float64\n",
      " 5   Volume     16590 non-null  float64\n",
      " 6   Adj Close  16590 non-null  float64\n",
      "dtypes: float64(6), object(1)\n",
      "memory usage: 907.4+ KB\n"
     ]
    }
   ],
   "source": [
    "df.info()"
   ]
  },
  {
   "cell_type": "code",
   "execution_count": 39,
   "id": "03bd2f19",
   "metadata": {},
   "outputs": [],
   "source": [
    "df['Date'] = pd.to_datetime(df['Date'])"
   ]
  },
  {
   "cell_type": "code",
   "execution_count": 40,
   "id": "9f880501",
   "metadata": {},
   "outputs": [],
   "source": [
    "from datetime import datetime"
   ]
  },
  {
   "cell_type": "code",
   "execution_count": 41,
   "id": "f1a1c98a",
   "metadata": {},
   "outputs": [],
   "source": [
    "df.sort_values('Date', ascending=True, inplace=True)"
   ]
  },
  {
   "cell_type": "code",
   "execution_count": 42,
   "id": "430268a4",
   "metadata": {},
   "outputs": [
    {
     "data": {
      "text/html": [
       "<div>\n",
       "<style scoped>\n",
       "    .dataframe tbody tr th:only-of-type {\n",
       "        vertical-align: middle;\n",
       "    }\n",
       "\n",
       "    .dataframe tbody tr th {\n",
       "        vertical-align: top;\n",
       "    }\n",
       "\n",
       "    .dataframe thead th {\n",
       "        text-align: right;\n",
       "    }\n",
       "</style>\n",
       "<table border=\"1\" class=\"dataframe\">\n",
       "  <thead>\n",
       "    <tr style=\"text-align: right;\">\n",
       "      <th></th>\n",
       "      <th>Date</th>\n",
       "      <th>Open</th>\n",
       "      <th>High</th>\n",
       "      <th>Low</th>\n",
       "      <th>Close</th>\n",
       "      <th>Volume</th>\n",
       "      <th>Adj Close</th>\n",
       "    </tr>\n",
       "  </thead>\n",
       "  <tbody>\n",
       "    <tr>\n",
       "      <th>16589</th>\n",
       "      <td>1950-01-03</td>\n",
       "      <td>16.660000</td>\n",
       "      <td>16.660000</td>\n",
       "      <td>16.660000</td>\n",
       "      <td>16.660000</td>\n",
       "      <td>1.260000e+06</td>\n",
       "      <td>16.660000</td>\n",
       "    </tr>\n",
       "    <tr>\n",
       "      <th>16588</th>\n",
       "      <td>1950-01-04</td>\n",
       "      <td>16.850000</td>\n",
       "      <td>16.850000</td>\n",
       "      <td>16.850000</td>\n",
       "      <td>16.850000</td>\n",
       "      <td>1.890000e+06</td>\n",
       "      <td>16.850000</td>\n",
       "    </tr>\n",
       "    <tr>\n",
       "      <th>16587</th>\n",
       "      <td>1950-01-05</td>\n",
       "      <td>16.930000</td>\n",
       "      <td>16.930000</td>\n",
       "      <td>16.930000</td>\n",
       "      <td>16.930000</td>\n",
       "      <td>2.550000e+06</td>\n",
       "      <td>16.930000</td>\n",
       "    </tr>\n",
       "    <tr>\n",
       "      <th>16586</th>\n",
       "      <td>1950-01-06</td>\n",
       "      <td>16.980000</td>\n",
       "      <td>16.980000</td>\n",
       "      <td>16.980000</td>\n",
       "      <td>16.980000</td>\n",
       "      <td>2.010000e+06</td>\n",
       "      <td>16.980000</td>\n",
       "    </tr>\n",
       "    <tr>\n",
       "      <th>16585</th>\n",
       "      <td>1950-01-09</td>\n",
       "      <td>17.080000</td>\n",
       "      <td>17.080000</td>\n",
       "      <td>17.080000</td>\n",
       "      <td>17.080000</td>\n",
       "      <td>2.520000e+06</td>\n",
       "      <td>17.080000</td>\n",
       "    </tr>\n",
       "    <tr>\n",
       "      <th>...</th>\n",
       "      <td>...</td>\n",
       "      <td>...</td>\n",
       "      <td>...</td>\n",
       "      <td>...</td>\n",
       "      <td>...</td>\n",
       "      <td>...</td>\n",
       "      <td>...</td>\n",
       "    </tr>\n",
       "    <tr>\n",
       "      <th>4</th>\n",
       "      <td>2015-12-01</td>\n",
       "      <td>2082.929932</td>\n",
       "      <td>2103.370117</td>\n",
       "      <td>2082.929932</td>\n",
       "      <td>2102.629883</td>\n",
       "      <td>3.712120e+09</td>\n",
       "      <td>2102.629883</td>\n",
       "    </tr>\n",
       "    <tr>\n",
       "      <th>3</th>\n",
       "      <td>2015-12-02</td>\n",
       "      <td>2101.709961</td>\n",
       "      <td>2104.270020</td>\n",
       "      <td>2077.110107</td>\n",
       "      <td>2079.510010</td>\n",
       "      <td>3.950640e+09</td>\n",
       "      <td>2079.510010</td>\n",
       "    </tr>\n",
       "    <tr>\n",
       "      <th>2</th>\n",
       "      <td>2015-12-03</td>\n",
       "      <td>2080.709961</td>\n",
       "      <td>2085.000000</td>\n",
       "      <td>2042.349976</td>\n",
       "      <td>2049.620117</td>\n",
       "      <td>4.306490e+09</td>\n",
       "      <td>2049.620117</td>\n",
       "    </tr>\n",
       "    <tr>\n",
       "      <th>1</th>\n",
       "      <td>2015-12-04</td>\n",
       "      <td>2051.239990</td>\n",
       "      <td>2093.840088</td>\n",
       "      <td>2051.239990</td>\n",
       "      <td>2091.689941</td>\n",
       "      <td>4.214910e+09</td>\n",
       "      <td>2091.689941</td>\n",
       "    </tr>\n",
       "    <tr>\n",
       "      <th>0</th>\n",
       "      <td>2015-12-07</td>\n",
       "      <td>2090.419922</td>\n",
       "      <td>2090.419922</td>\n",
       "      <td>2066.780029</td>\n",
       "      <td>2077.070068</td>\n",
       "      <td>4.043820e+09</td>\n",
       "      <td>2077.070068</td>\n",
       "    </tr>\n",
       "  </tbody>\n",
       "</table>\n",
       "<p>16590 rows × 7 columns</p>\n",
       "</div>"
      ],
      "text/plain": [
       "            Date         Open         High          Low        Close  \\\n",
       "16589 1950-01-03    16.660000    16.660000    16.660000    16.660000   \n",
       "16588 1950-01-04    16.850000    16.850000    16.850000    16.850000   \n",
       "16587 1950-01-05    16.930000    16.930000    16.930000    16.930000   \n",
       "16586 1950-01-06    16.980000    16.980000    16.980000    16.980000   \n",
       "16585 1950-01-09    17.080000    17.080000    17.080000    17.080000   \n",
       "...          ...          ...          ...          ...          ...   \n",
       "4     2015-12-01  2082.929932  2103.370117  2082.929932  2102.629883   \n",
       "3     2015-12-02  2101.709961  2104.270020  2077.110107  2079.510010   \n",
       "2     2015-12-03  2080.709961  2085.000000  2042.349976  2049.620117   \n",
       "1     2015-12-04  2051.239990  2093.840088  2051.239990  2091.689941   \n",
       "0     2015-12-07  2090.419922  2090.419922  2066.780029  2077.070068   \n",
       "\n",
       "             Volume    Adj Close  \n",
       "16589  1.260000e+06    16.660000  \n",
       "16588  1.890000e+06    16.850000  \n",
       "16587  2.550000e+06    16.930000  \n",
       "16586  2.010000e+06    16.980000  \n",
       "16585  2.520000e+06    17.080000  \n",
       "...             ...          ...  \n",
       "4      3.712120e+09  2102.629883  \n",
       "3      3.950640e+09  2079.510010  \n",
       "2      4.306490e+09  2049.620117  \n",
       "1      4.214910e+09  2091.689941  \n",
       "0      4.043820e+09  2077.070068  \n",
       "\n",
       "[16590 rows x 7 columns]"
      ]
     },
     "execution_count": 42,
     "metadata": {},
     "output_type": "execute_result"
    }
   ],
   "source": [
    "df"
   ]
  },
  {
   "cell_type": "markdown",
   "id": "8c644a31",
   "metadata": {},
   "source": [
    "# Generate indicators"
   ]
  },
  {
   "cell_type": "markdown",
   "id": "a5ac5d39",
   "metadata": {},
   "source": [
    "## 5 last day"
   ]
  },
  {
   "cell_type": "code",
   "execution_count": 43,
   "id": "36bcff5c",
   "metadata": {},
   "outputs": [],
   "source": [
    "df['5 days open'] = df['Open'].rolling(center=False, window=5).mean()\n",
    "df['5 days open'] = df['5 days open'].shift(1)"
   ]
  },
  {
   "cell_type": "markdown",
   "id": "c3cd9705",
   "metadata": {},
   "source": [
    "## Year"
   ]
  },
  {
   "cell_type": "code",
   "execution_count": 44,
   "id": "f2da2335",
   "metadata": {},
   "outputs": [],
   "source": [
    "df['year'] = df['Date'].apply(lambda x : x.year)"
   ]
  },
  {
   "cell_type": "markdown",
   "id": "1b7f527a",
   "metadata": {},
   "source": [
    "## Day of week"
   ]
  },
  {
   "cell_type": "code",
   "execution_count": 45,
   "id": "daf0f5ff",
   "metadata": {},
   "outputs": [],
   "source": [
    "df['DoW'] = df['Date'].apply(lambda x: x.weekday())\n",
    "\n",
    "dow_df = pd.get_dummies(df['DoW'])\n",
    "\n",
    "df = pd.concat([df, dow_df], axis=1)\n",
    "df.drop(columns=['DoW'], inplace=True)\n",
    "\n"
   ]
  },
  {
   "cell_type": "code",
   "execution_count": 46,
   "id": "d36be841",
   "metadata": {},
   "outputs": [
    {
     "data": {
      "text/html": [
       "<div>\n",
       "<style scoped>\n",
       "    .dataframe tbody tr th:only-of-type {\n",
       "        vertical-align: middle;\n",
       "    }\n",
       "\n",
       "    .dataframe tbody tr th {\n",
       "        vertical-align: top;\n",
       "    }\n",
       "\n",
       "    .dataframe thead th {\n",
       "        text-align: right;\n",
       "    }\n",
       "</style>\n",
       "<table border=\"1\" class=\"dataframe\">\n",
       "  <thead>\n",
       "    <tr style=\"text-align: right;\">\n",
       "      <th></th>\n",
       "      <th>Date</th>\n",
       "      <th>Open</th>\n",
       "      <th>High</th>\n",
       "      <th>Low</th>\n",
       "      <th>Close</th>\n",
       "      <th>Volume</th>\n",
       "      <th>Adj Close</th>\n",
       "      <th>5 days open</th>\n",
       "      <th>year</th>\n",
       "      <th>0</th>\n",
       "      <th>1</th>\n",
       "      <th>2</th>\n",
       "      <th>3</th>\n",
       "      <th>4</th>\n",
       "    </tr>\n",
       "  </thead>\n",
       "  <tbody>\n",
       "    <tr>\n",
       "      <th>16589</th>\n",
       "      <td>1950-01-03</td>\n",
       "      <td>16.66</td>\n",
       "      <td>16.66</td>\n",
       "      <td>16.66</td>\n",
       "      <td>16.66</td>\n",
       "      <td>1260000.0</td>\n",
       "      <td>16.66</td>\n",
       "      <td>NaN</td>\n",
       "      <td>1950</td>\n",
       "      <td>0</td>\n",
       "      <td>1</td>\n",
       "      <td>0</td>\n",
       "      <td>0</td>\n",
       "      <td>0</td>\n",
       "    </tr>\n",
       "    <tr>\n",
       "      <th>16588</th>\n",
       "      <td>1950-01-04</td>\n",
       "      <td>16.85</td>\n",
       "      <td>16.85</td>\n",
       "      <td>16.85</td>\n",
       "      <td>16.85</td>\n",
       "      <td>1890000.0</td>\n",
       "      <td>16.85</td>\n",
       "      <td>NaN</td>\n",
       "      <td>1950</td>\n",
       "      <td>0</td>\n",
       "      <td>0</td>\n",
       "      <td>1</td>\n",
       "      <td>0</td>\n",
       "      <td>0</td>\n",
       "    </tr>\n",
       "    <tr>\n",
       "      <th>16587</th>\n",
       "      <td>1950-01-05</td>\n",
       "      <td>16.93</td>\n",
       "      <td>16.93</td>\n",
       "      <td>16.93</td>\n",
       "      <td>16.93</td>\n",
       "      <td>2550000.0</td>\n",
       "      <td>16.93</td>\n",
       "      <td>NaN</td>\n",
       "      <td>1950</td>\n",
       "      <td>0</td>\n",
       "      <td>0</td>\n",
       "      <td>0</td>\n",
       "      <td>1</td>\n",
       "      <td>0</td>\n",
       "    </tr>\n",
       "    <tr>\n",
       "      <th>16586</th>\n",
       "      <td>1950-01-06</td>\n",
       "      <td>16.98</td>\n",
       "      <td>16.98</td>\n",
       "      <td>16.98</td>\n",
       "      <td>16.98</td>\n",
       "      <td>2010000.0</td>\n",
       "      <td>16.98</td>\n",
       "      <td>NaN</td>\n",
       "      <td>1950</td>\n",
       "      <td>0</td>\n",
       "      <td>0</td>\n",
       "      <td>0</td>\n",
       "      <td>0</td>\n",
       "      <td>1</td>\n",
       "    </tr>\n",
       "    <tr>\n",
       "      <th>16585</th>\n",
       "      <td>1950-01-09</td>\n",
       "      <td>17.08</td>\n",
       "      <td>17.08</td>\n",
       "      <td>17.08</td>\n",
       "      <td>17.08</td>\n",
       "      <td>2520000.0</td>\n",
       "      <td>17.08</td>\n",
       "      <td>NaN</td>\n",
       "      <td>1950</td>\n",
       "      <td>1</td>\n",
       "      <td>0</td>\n",
       "      <td>0</td>\n",
       "      <td>0</td>\n",
       "      <td>0</td>\n",
       "    </tr>\n",
       "  </tbody>\n",
       "</table>\n",
       "</div>"
      ],
      "text/plain": [
       "            Date   Open   High    Low  Close     Volume  Adj Close  \\\n",
       "16589 1950-01-03  16.66  16.66  16.66  16.66  1260000.0      16.66   \n",
       "16588 1950-01-04  16.85  16.85  16.85  16.85  1890000.0      16.85   \n",
       "16587 1950-01-05  16.93  16.93  16.93  16.93  2550000.0      16.93   \n",
       "16586 1950-01-06  16.98  16.98  16.98  16.98  2010000.0      16.98   \n",
       "16585 1950-01-09  17.08  17.08  17.08  17.08  2520000.0      17.08   \n",
       "\n",
       "       5 days open  year  0  1  2  3  4  \n",
       "16589          NaN  1950  0  1  0  0  0  \n",
       "16588          NaN  1950  0  0  1  0  0  \n",
       "16587          NaN  1950  0  0  0  1  0  \n",
       "16586          NaN  1950  0  0  0  0  1  \n",
       "16585          NaN  1950  1  0  0  0  0  "
      ]
     },
     "execution_count": 46,
     "metadata": {},
     "output_type": "execute_result"
    }
   ],
   "source": [
    "df.head()"
   ]
  },
  {
   "cell_type": "markdown",
   "id": "ad94b371",
   "metadata": {},
   "source": [
    "# Train test split"
   ]
  },
  {
   "cell_type": "code",
   "execution_count": 47,
   "id": "cb0c6193",
   "metadata": {},
   "outputs": [],
   "source": [
    "df = df[df['Date'] >= datetime(year=1951, month=1, day=3)]\n",
    "df.dropna(inplace=True)\n",
    "\n",
    "train = df[df['Date'] < datetime(year=2013, month=1, day=1)]\n",
    "test = df[df['Date'] >= datetime(year=2013, month=1, day=1)]"
   ]
  },
  {
   "cell_type": "code",
   "execution_count": 48,
   "id": "57bd9935",
   "metadata": {},
   "outputs": [
    {
     "data": {
      "text/html": [
       "<div>\n",
       "<style scoped>\n",
       "    .dataframe tbody tr th:only-of-type {\n",
       "        vertical-align: middle;\n",
       "    }\n",
       "\n",
       "    .dataframe tbody tr th {\n",
       "        vertical-align: top;\n",
       "    }\n",
       "\n",
       "    .dataframe thead th {\n",
       "        text-align: right;\n",
       "    }\n",
       "</style>\n",
       "<table border=\"1\" class=\"dataframe\">\n",
       "  <thead>\n",
       "    <tr style=\"text-align: right;\">\n",
       "      <th></th>\n",
       "      <th>Date</th>\n",
       "      <th>Open</th>\n",
       "      <th>High</th>\n",
       "      <th>Low</th>\n",
       "      <th>Close</th>\n",
       "      <th>Volume</th>\n",
       "      <th>Adj Close</th>\n",
       "      <th>5 days open</th>\n",
       "      <th>year</th>\n",
       "      <th>0</th>\n",
       "      <th>1</th>\n",
       "      <th>2</th>\n",
       "      <th>3</th>\n",
       "      <th>4</th>\n",
       "    </tr>\n",
       "  </thead>\n",
       "  <tbody>\n",
       "    <tr>\n",
       "      <th>16339</th>\n",
       "      <td>1951-01-03</td>\n",
       "      <td>20.690001</td>\n",
       "      <td>20.690001</td>\n",
       "      <td>20.690001</td>\n",
       "      <td>20.690001</td>\n",
       "      <td>3.370000e+06</td>\n",
       "      <td>20.690001</td>\n",
       "      <td>20.360000</td>\n",
       "      <td>1951</td>\n",
       "      <td>0</td>\n",
       "      <td>0</td>\n",
       "      <td>1</td>\n",
       "      <td>0</td>\n",
       "      <td>0</td>\n",
       "    </tr>\n",
       "    <tr>\n",
       "      <th>16338</th>\n",
       "      <td>1951-01-04</td>\n",
       "      <td>20.870001</td>\n",
       "      <td>20.870001</td>\n",
       "      <td>20.870001</td>\n",
       "      <td>20.870001</td>\n",
       "      <td>3.390000e+06</td>\n",
       "      <td>20.870001</td>\n",
       "      <td>20.514000</td>\n",
       "      <td>1951</td>\n",
       "      <td>0</td>\n",
       "      <td>0</td>\n",
       "      <td>0</td>\n",
       "      <td>1</td>\n",
       "      <td>0</td>\n",
       "    </tr>\n",
       "    <tr>\n",
       "      <th>16337</th>\n",
       "      <td>1951-01-05</td>\n",
       "      <td>20.870001</td>\n",
       "      <td>20.870001</td>\n",
       "      <td>20.870001</td>\n",
       "      <td>20.870001</td>\n",
       "      <td>3.390000e+06</td>\n",
       "      <td>20.870001</td>\n",
       "      <td>20.628000</td>\n",
       "      <td>1951</td>\n",
       "      <td>0</td>\n",
       "      <td>0</td>\n",
       "      <td>0</td>\n",
       "      <td>0</td>\n",
       "      <td>1</td>\n",
       "    </tr>\n",
       "    <tr>\n",
       "      <th>16336</th>\n",
       "      <td>1951-01-08</td>\n",
       "      <td>21.000000</td>\n",
       "      <td>21.000000</td>\n",
       "      <td>21.000000</td>\n",
       "      <td>21.000000</td>\n",
       "      <td>2.780000e+06</td>\n",
       "      <td>21.000000</td>\n",
       "      <td>20.726001</td>\n",
       "      <td>1951</td>\n",
       "      <td>1</td>\n",
       "      <td>0</td>\n",
       "      <td>0</td>\n",
       "      <td>0</td>\n",
       "      <td>0</td>\n",
       "    </tr>\n",
       "    <tr>\n",
       "      <th>16335</th>\n",
       "      <td>1951-01-09</td>\n",
       "      <td>21.120001</td>\n",
       "      <td>21.120001</td>\n",
       "      <td>21.120001</td>\n",
       "      <td>21.120001</td>\n",
       "      <td>3.800000e+06</td>\n",
       "      <td>21.120001</td>\n",
       "      <td>20.840001</td>\n",
       "      <td>1951</td>\n",
       "      <td>0</td>\n",
       "      <td>1</td>\n",
       "      <td>0</td>\n",
       "      <td>0</td>\n",
       "      <td>0</td>\n",
       "    </tr>\n",
       "    <tr>\n",
       "      <th>...</th>\n",
       "      <td>...</td>\n",
       "      <td>...</td>\n",
       "      <td>...</td>\n",
       "      <td>...</td>\n",
       "      <td>...</td>\n",
       "      <td>...</td>\n",
       "      <td>...</td>\n",
       "      <td>...</td>\n",
       "      <td>...</td>\n",
       "      <td>...</td>\n",
       "      <td>...</td>\n",
       "      <td>...</td>\n",
       "      <td>...</td>\n",
       "      <td>...</td>\n",
       "    </tr>\n",
       "    <tr>\n",
       "      <th>743</th>\n",
       "      <td>2012-12-24</td>\n",
       "      <td>1430.150024</td>\n",
       "      <td>1430.150024</td>\n",
       "      <td>1424.660034</td>\n",
       "      <td>1426.660034</td>\n",
       "      <td>1.248960e+09</td>\n",
       "      <td>1426.660034</td>\n",
       "      <td>1434.056030</td>\n",
       "      <td>2012</td>\n",
       "      <td>1</td>\n",
       "      <td>0</td>\n",
       "      <td>0</td>\n",
       "      <td>0</td>\n",
       "      <td>0</td>\n",
       "    </tr>\n",
       "    <tr>\n",
       "      <th>742</th>\n",
       "      <td>2012-12-26</td>\n",
       "      <td>1426.660034</td>\n",
       "      <td>1429.420044</td>\n",
       "      <td>1416.430054</td>\n",
       "      <td>1419.829956</td>\n",
       "      <td>2.285030e+09</td>\n",
       "      <td>1419.829956</td>\n",
       "      <td>1437.378027</td>\n",
       "      <td>2012</td>\n",
       "      <td>0</td>\n",
       "      <td>0</td>\n",
       "      <td>1</td>\n",
       "      <td>0</td>\n",
       "      <td>0</td>\n",
       "    </tr>\n",
       "    <tr>\n",
       "      <th>741</th>\n",
       "      <td>2012-12-27</td>\n",
       "      <td>1419.829956</td>\n",
       "      <td>1422.800049</td>\n",
       "      <td>1401.800049</td>\n",
       "      <td>1418.099976</td>\n",
       "      <td>2.830180e+09</td>\n",
       "      <td>1418.099976</td>\n",
       "      <td>1436.616040</td>\n",
       "      <td>2012</td>\n",
       "      <td>0</td>\n",
       "      <td>0</td>\n",
       "      <td>0</td>\n",
       "      <td>1</td>\n",
       "      <td>0</td>\n",
       "    </tr>\n",
       "    <tr>\n",
       "      <th>740</th>\n",
       "      <td>2012-12-28</td>\n",
       "      <td>1418.099976</td>\n",
       "      <td>1418.099976</td>\n",
       "      <td>1401.579956</td>\n",
       "      <td>1402.430054</td>\n",
       "      <td>2.426680e+09</td>\n",
       "      <td>1402.430054</td>\n",
       "      <td>1431.224023</td>\n",
       "      <td>2012</td>\n",
       "      <td>0</td>\n",
       "      <td>0</td>\n",
       "      <td>0</td>\n",
       "      <td>0</td>\n",
       "      <td>1</td>\n",
       "    </tr>\n",
       "    <tr>\n",
       "      <th>739</th>\n",
       "      <td>2012-12-31</td>\n",
       "      <td>1402.430054</td>\n",
       "      <td>1426.739990</td>\n",
       "      <td>1398.109985</td>\n",
       "      <td>1426.189941</td>\n",
       "      <td>3.204330e+09</td>\n",
       "      <td>1426.189941</td>\n",
       "      <td>1427.682007</td>\n",
       "      <td>2012</td>\n",
       "      <td>1</td>\n",
       "      <td>0</td>\n",
       "      <td>0</td>\n",
       "      <td>0</td>\n",
       "      <td>0</td>\n",
       "    </tr>\n",
       "  </tbody>\n",
       "</table>\n",
       "<p>15601 rows × 14 columns</p>\n",
       "</div>"
      ],
      "text/plain": [
       "            Date         Open         High          Low        Close  \\\n",
       "16339 1951-01-03    20.690001    20.690001    20.690001    20.690001   \n",
       "16338 1951-01-04    20.870001    20.870001    20.870001    20.870001   \n",
       "16337 1951-01-05    20.870001    20.870001    20.870001    20.870001   \n",
       "16336 1951-01-08    21.000000    21.000000    21.000000    21.000000   \n",
       "16335 1951-01-09    21.120001    21.120001    21.120001    21.120001   \n",
       "...          ...          ...          ...          ...          ...   \n",
       "743   2012-12-24  1430.150024  1430.150024  1424.660034  1426.660034   \n",
       "742   2012-12-26  1426.660034  1429.420044  1416.430054  1419.829956   \n",
       "741   2012-12-27  1419.829956  1422.800049  1401.800049  1418.099976   \n",
       "740   2012-12-28  1418.099976  1418.099976  1401.579956  1402.430054   \n",
       "739   2012-12-31  1402.430054  1426.739990  1398.109985  1426.189941   \n",
       "\n",
       "             Volume    Adj Close  5 days open  year  0  1  2  3  4  \n",
       "16339  3.370000e+06    20.690001    20.360000  1951  0  0  1  0  0  \n",
       "16338  3.390000e+06    20.870001    20.514000  1951  0  0  0  1  0  \n",
       "16337  3.390000e+06    20.870001    20.628000  1951  0  0  0  0  1  \n",
       "16336  2.780000e+06    21.000000    20.726001  1951  1  0  0  0  0  \n",
       "16335  3.800000e+06    21.120001    20.840001  1951  0  1  0  0  0  \n",
       "...             ...          ...          ...   ... .. .. .. .. ..  \n",
       "743    1.248960e+09  1426.660034  1434.056030  2012  1  0  0  0  0  \n",
       "742    2.285030e+09  1419.829956  1437.378027  2012  0  0  1  0  0  \n",
       "741    2.830180e+09  1418.099976  1436.616040  2012  0  0  0  1  0  \n",
       "740    2.426680e+09  1402.430054  1431.224023  2012  0  0  0  0  1  \n",
       "739    3.204330e+09  1426.189941  1427.682007  2012  1  0  0  0  0  \n",
       "\n",
       "[15601 rows x 14 columns]"
      ]
     },
     "execution_count": 48,
     "metadata": {},
     "output_type": "execute_result"
    }
   ],
   "source": [
    "train"
   ]
  },
  {
   "cell_type": "code",
   "execution_count": 49,
   "id": "840cb2bc",
   "metadata": {},
   "outputs": [
    {
     "data": {
      "text/html": [
       "<div>\n",
       "<style scoped>\n",
       "    .dataframe tbody tr th:only-of-type {\n",
       "        vertical-align: middle;\n",
       "    }\n",
       "\n",
       "    .dataframe tbody tr th {\n",
       "        vertical-align: top;\n",
       "    }\n",
       "\n",
       "    .dataframe thead th {\n",
       "        text-align: right;\n",
       "    }\n",
       "</style>\n",
       "<table border=\"1\" class=\"dataframe\">\n",
       "  <thead>\n",
       "    <tr style=\"text-align: right;\">\n",
       "      <th></th>\n",
       "      <th>Date</th>\n",
       "      <th>Open</th>\n",
       "      <th>High</th>\n",
       "      <th>Low</th>\n",
       "      <th>Close</th>\n",
       "      <th>Volume</th>\n",
       "      <th>Adj Close</th>\n",
       "      <th>5 days open</th>\n",
       "      <th>year</th>\n",
       "      <th>0</th>\n",
       "      <th>1</th>\n",
       "      <th>2</th>\n",
       "      <th>3</th>\n",
       "      <th>4</th>\n",
       "    </tr>\n",
       "  </thead>\n",
       "  <tbody>\n",
       "    <tr>\n",
       "      <th>738</th>\n",
       "      <td>2013-01-02</td>\n",
       "      <td>1426.189941</td>\n",
       "      <td>1462.430054</td>\n",
       "      <td>1426.189941</td>\n",
       "      <td>1462.420044</td>\n",
       "      <td>4.202600e+09</td>\n",
       "      <td>1462.420044</td>\n",
       "      <td>1419.434009</td>\n",
       "      <td>2013</td>\n",
       "      <td>0</td>\n",
       "      <td>0</td>\n",
       "      <td>1</td>\n",
       "      <td>0</td>\n",
       "      <td>0</td>\n",
       "    </tr>\n",
       "    <tr>\n",
       "      <th>737</th>\n",
       "      <td>2013-01-03</td>\n",
       "      <td>1462.420044</td>\n",
       "      <td>1465.469971</td>\n",
       "      <td>1455.530029</td>\n",
       "      <td>1459.369995</td>\n",
       "      <td>3.829730e+09</td>\n",
       "      <td>1459.369995</td>\n",
       "      <td>1418.641992</td>\n",
       "      <td>2013</td>\n",
       "      <td>0</td>\n",
       "      <td>0</td>\n",
       "      <td>0</td>\n",
       "      <td>1</td>\n",
       "      <td>0</td>\n",
       "    </tr>\n",
       "    <tr>\n",
       "      <th>736</th>\n",
       "      <td>2013-01-04</td>\n",
       "      <td>1459.369995</td>\n",
       "      <td>1467.939941</td>\n",
       "      <td>1458.989990</td>\n",
       "      <td>1466.469971</td>\n",
       "      <td>3.424290e+09</td>\n",
       "      <td>1466.469971</td>\n",
       "      <td>1425.793994</td>\n",
       "      <td>2013</td>\n",
       "      <td>0</td>\n",
       "      <td>0</td>\n",
       "      <td>0</td>\n",
       "      <td>0</td>\n",
       "      <td>1</td>\n",
       "    </tr>\n",
       "    <tr>\n",
       "      <th>735</th>\n",
       "      <td>2013-01-07</td>\n",
       "      <td>1466.469971</td>\n",
       "      <td>1466.469971</td>\n",
       "      <td>1456.619995</td>\n",
       "      <td>1461.890015</td>\n",
       "      <td>3.304970e+09</td>\n",
       "      <td>1461.890015</td>\n",
       "      <td>1433.702002</td>\n",
       "      <td>2013</td>\n",
       "      <td>1</td>\n",
       "      <td>0</td>\n",
       "      <td>0</td>\n",
       "      <td>0</td>\n",
       "      <td>0</td>\n",
       "    </tr>\n",
       "    <tr>\n",
       "      <th>734</th>\n",
       "      <td>2013-01-08</td>\n",
       "      <td>1461.890015</td>\n",
       "      <td>1461.890015</td>\n",
       "      <td>1451.640015</td>\n",
       "      <td>1457.150024</td>\n",
       "      <td>3.601600e+09</td>\n",
       "      <td>1457.150024</td>\n",
       "      <td>1443.376001</td>\n",
       "      <td>2013</td>\n",
       "      <td>0</td>\n",
       "      <td>1</td>\n",
       "      <td>0</td>\n",
       "      <td>0</td>\n",
       "      <td>0</td>\n",
       "    </tr>\n",
       "    <tr>\n",
       "      <th>...</th>\n",
       "      <td>...</td>\n",
       "      <td>...</td>\n",
       "      <td>...</td>\n",
       "      <td>...</td>\n",
       "      <td>...</td>\n",
       "      <td>...</td>\n",
       "      <td>...</td>\n",
       "      <td>...</td>\n",
       "      <td>...</td>\n",
       "      <td>...</td>\n",
       "      <td>...</td>\n",
       "      <td>...</td>\n",
       "      <td>...</td>\n",
       "      <td>...</td>\n",
       "    </tr>\n",
       "    <tr>\n",
       "      <th>4</th>\n",
       "      <td>2015-12-01</td>\n",
       "      <td>2082.929932</td>\n",
       "      <td>2103.370117</td>\n",
       "      <td>2082.929932</td>\n",
       "      <td>2102.629883</td>\n",
       "      <td>3.712120e+09</td>\n",
       "      <td>2102.629883</td>\n",
       "      <td>2088.579980</td>\n",
       "      <td>2015</td>\n",
       "      <td>0</td>\n",
       "      <td>1</td>\n",
       "      <td>0</td>\n",
       "      <td>0</td>\n",
       "      <td>0</td>\n",
       "    </tr>\n",
       "    <tr>\n",
       "      <th>3</th>\n",
       "      <td>2015-12-02</td>\n",
       "      <td>2101.709961</td>\n",
       "      <td>2104.270020</td>\n",
       "      <td>2077.110107</td>\n",
       "      <td>2079.510010</td>\n",
       "      <td>3.950640e+09</td>\n",
       "      <td>2079.510010</td>\n",
       "      <td>2087.283984</td>\n",
       "      <td>2015</td>\n",
       "      <td>0</td>\n",
       "      <td>0</td>\n",
       "      <td>1</td>\n",
       "      <td>0</td>\n",
       "      <td>0</td>\n",
       "    </tr>\n",
       "    <tr>\n",
       "      <th>2</th>\n",
       "      <td>2015-12-03</td>\n",
       "      <td>2080.709961</td>\n",
       "      <td>2085.000000</td>\n",
       "      <td>2042.349976</td>\n",
       "      <td>2049.620117</td>\n",
       "      <td>4.306490e+09</td>\n",
       "      <td>2049.620117</td>\n",
       "      <td>2090.741992</td>\n",
       "      <td>2015</td>\n",
       "      <td>0</td>\n",
       "      <td>0</td>\n",
       "      <td>0</td>\n",
       "      <td>1</td>\n",
       "      <td>0</td>\n",
       "    </tr>\n",
       "    <tr>\n",
       "      <th>1</th>\n",
       "      <td>2015-12-04</td>\n",
       "      <td>2051.239990</td>\n",
       "      <td>2093.840088</td>\n",
       "      <td>2051.239990</td>\n",
       "      <td>2091.689941</td>\n",
       "      <td>4.214910e+09</td>\n",
       "      <td>2091.689941</td>\n",
       "      <td>2089.023975</td>\n",
       "      <td>2015</td>\n",
       "      <td>0</td>\n",
       "      <td>0</td>\n",
       "      <td>0</td>\n",
       "      <td>0</td>\n",
       "      <td>1</td>\n",
       "    </tr>\n",
       "    <tr>\n",
       "      <th>0</th>\n",
       "      <td>2015-12-07</td>\n",
       "      <td>2090.419922</td>\n",
       "      <td>2090.419922</td>\n",
       "      <td>2066.780029</td>\n",
       "      <td>2077.070068</td>\n",
       "      <td>4.043820e+09</td>\n",
       "      <td>2077.070068</td>\n",
       "      <td>2081.507959</td>\n",
       "      <td>2015</td>\n",
       "      <td>1</td>\n",
       "      <td>0</td>\n",
       "      <td>0</td>\n",
       "      <td>0</td>\n",
       "      <td>0</td>\n",
       "    </tr>\n",
       "  </tbody>\n",
       "</table>\n",
       "<p>739 rows × 14 columns</p>\n",
       "</div>"
      ],
      "text/plain": [
       "          Date         Open         High          Low        Close  \\\n",
       "738 2013-01-02  1426.189941  1462.430054  1426.189941  1462.420044   \n",
       "737 2013-01-03  1462.420044  1465.469971  1455.530029  1459.369995   \n",
       "736 2013-01-04  1459.369995  1467.939941  1458.989990  1466.469971   \n",
       "735 2013-01-07  1466.469971  1466.469971  1456.619995  1461.890015   \n",
       "734 2013-01-08  1461.890015  1461.890015  1451.640015  1457.150024   \n",
       "..         ...          ...          ...          ...          ...   \n",
       "4   2015-12-01  2082.929932  2103.370117  2082.929932  2102.629883   \n",
       "3   2015-12-02  2101.709961  2104.270020  2077.110107  2079.510010   \n",
       "2   2015-12-03  2080.709961  2085.000000  2042.349976  2049.620117   \n",
       "1   2015-12-04  2051.239990  2093.840088  2051.239990  2091.689941   \n",
       "0   2015-12-07  2090.419922  2090.419922  2066.780029  2077.070068   \n",
